90 90 90 90 90 90 90 90 90 
90 90 90 90 90 90 90 90 90 90 
90 90 90 90 90 90 90 90 90 90 
90 90 90 90 90 90 90 90 90 90 
90 90 90 90 90 90 90 90 90 90 
90 90 90 90 90 90 90 90 90 90 
90 90 90 90 90 90 90 90 90 90 
90 90 90 90 90 90 90 90 90 90 
90 90 90 90 90 90 90 90 90 90 
90 90 90 90 90 90 90 90 90 90 
90 90 90 90 90 90 90 90 90 90 
90 90 90 90 90 90 90 90 90 90 
90 90 90 90 90 90 90 90 90 90 
90 90 90 90 90 90 90 90 90 90 
90 90 90 90 90 90 90 90 90 90 
90 90 90 90 90 90 90 90 90 90 
90 90 90 90 90 90 90 90 90 90 
90 90 90 90 90 90 90 90 90 90 
90 90 90 90 90 90 90 90 90 90 
90 90 90 90 90 90 90 90 90 90 
90 90 90 90 90 90 90 90 90 90 
90 90 90 90 90 90 90 90 90 90 
90 90 90 90 90 90 90 90 90 90 
90 90 90 90 90 90 90 90 90 90 
90 90 90 90 90 90 90 90 90 90 
90 90 90 90 90 90 90 90 90 90 
90 90 90 90 90 90 90 90 90 90 
90 90 90 90 90 90 90 90 90 90 
90 90 90 90 90 90 90 90 90 90 
90 90 90 90 90 90 90 90 90 90 
90 90 90 90 90 90 90 90 90 90 
90 90 90 90 90 90 90 90 90 90 
90 90 90 90 90 90 90 90 90 90 
90 90 90 90 90 90 90 90 90 90 
90 90 90 90 90 90 90 90 90 90 
90 90 90 90 90 90 90 90 90 90 
90 90 90 90 90 90 90 90 90 90 
90 90 90 90 90 90 90 90 90 90 
90 90 90 90 90 90 90 90 90 90 
90 90 90 90 90 90 90 90 90 90 
90 90 90 90 90 90 90 90 90 90 
90 90 90 90 90 90 90 90 90 90 
90 90 90 90 90 90 90 90 90 90 
90 90 90 90 90 90 90 90 90 90 
90 90 90 90 90 90 90 90 90 90 
90 90 90 90 90 90 90 90 90 90 
90 90 90 90 90 90 90 90 90 90 
90 90 90 90 90 90 90 90 90 90 
90 90 90 90 90 90 90 90 90 90 
90 90 90 90 90 90 90 90 90 90 
90 90 90 90 90 90 90 90 90 
a1 40 d1 04 08 8d 6c 24 18 ba
e5 8d 04 08 ff e2
48 2f 68 55

0a

90 90 90 90 90 90 90 90 90 
90 90 90 90 90 90 90 90 90 90 
90 90 90 90 90 90 90 90 90 90 
90 90 90 90 90 90 90 90 90 90 
90 90 90 90 90 90 90 90 90 90 
90 90 90 90 90 90 90 90 90 90 
90 90 90 90 90 90 90 90 90 90 
90 90 90 90 90 90 90 90 90 90 
90 90 90 90 90 90 90 90 90 90 
90 90 90 90 90 90 90 90 90 90 
90 90 90 90 90 90 90 90 90 90 
90 90 90 90 90 90 90 90 90 90 
90 90 90 90 90 90 90 90 90 90 
90 90 90 90 90 90 90 90 90 90 
90 90 90 90 90 90 90 90 90 90 
90 90 90 90 90 90 90 90 90 90 
90 90 90 90 90 90 90 90 90 90 
90 90 90 90 90 90 90 90 90 90 
90 90 90 90 90 90 90 90 90 90 
90 90 90 90 90 90 90 90 90 90 
90 90 90 90 90 90 90 90 90 90 
90 90 90 90 90 90 90 90 90 90 
90 90 90 90 90 90 90 90 90 90 
90 90 90 90 90 90 90 90 90 90 
90 90 90 90 90 90 90 90 90 90 
90 90 90 90 90 90 90 90 90 90 
90 90 90 90 90 90 90 90 90 90 
90 90 90 90 90 90 90 90 90 90 
90 90 90 90 90 90 90 90 90 90 
90 90 90 90 90 90 90 90 90 90 
90 90 90 90 90 90 90 90 90 90 
90 90 90 90 90 90 90 90 90 90 
90 90 90 90 90 90 90 90 90 90 
90 90 90 90 90 90 90 90 90 90 
90 90 90 90 90 90 90 90 90 90 
90 90 90 90 90 90 90 90 90 90 
90 90 90 90 90 90 90 90 90 90 
90 90 90 90 90 90 90 90 90 90 
90 90 90 90 90 90 90 90 90 90 
90 90 90 90 90 90 90 90 90 90 
90 90 90 90 90 90 90 90 90 90 
90 90 90 90 90 90 90 90 90 90 
90 90 90 90 90 90 90 90 90 90 
90 90 90 90 90 90 90 90 90 90 
90 90 90 90 90 90 90 90 90 90 
90 90 90 90 90 90 90 90 90 90 
90 90 90 90 90 90 90 90 90 90 
90 90 90 90 90 90 90 90 90 90 
90 90 90 90 90 90 90 90 90 90 
90 90 90 90 90 90 90 90 90 90 
90 90 90 90 90 90 90 90 90 
a1 40 d1 04 08 8d 6c 24 18 ba
e5 8d 04 08 ff e2
48 2f 68 55

0a

90 90 90 90 90 90 90 90 90 
90 90 90 90 90 90 90 90 90 90 
90 90 90 90 90 90 90 90 90 90 
90 90 90 90 90 90 90 90 90 90 
90 90 90 90 90 90 90 90 90 90 
90 90 90 90 90 90 90 90 90 90 
90 90 90 90 90 90 90 90 90 90 
90 90 90 90 90 90 90 90 90 90 
90 90 90 90 90 90 90 90 90 90 
90 90 90 90 90 90 90 90 90 90 
90 90 90 90 90 90 90 90 90 90 
90 90 90 90 90 90 90 90 90 90 
90 90 90 90 90 90 90 90 90 90 
90 90 90 90 90 90 90 90 90 90 
90 90 90 90 90 90 90 90 90 90 
90 90 90 90 90 90 90 90 90 90 
90 90 90 90 90 90 90 90 90 90 
90 90 90 90 90 90 90 90 90 90 
90 90 90 90 90 90 90 90 90 90 
90 90 90 90 90 90 90 90 90 90 
90 90 90 90 90 90 90 90 90 90 
90 90 90 90 90 90 90 90 90 90 
90 90 90 90 90 90 90 90 90 90 
90 90 90 90 90 90 90 90 90 90 
90 90 90 90 90 90 90 90 90 90 
90 90 90 90 90 90 90 90 90 90 
90 90 90 90 90 90 90 90 90 90 
90 90 90 90 90 90 90 90 90 90 
90 90 90 90 90 90 90 90 90 90 
90 90 90 90 90 90 90 90 90 90 
90 90 90 90 90 90 90 90 90 90 
90 90 90 90 90 90 90 90 90 90 
90 90 90 90 90 90 90 90 90 90 
90 90 90 90 90 90 90 90 90 90 
90 90 90 90 90 90 90 90 90 90 
90 90 90 90 90 90 90 90 90 90 
90 90 90 90 90 90 90 90 90 90 
90 90 90 90 90 90 90 90 90 90 
90 90 90 90 90 90 90 90 90 90 
90 90 90 90 90 90 90 90 90 90 
90 90 90 90 90 90 90 90 90 90 
90 90 90 90 90 90 90 90 90 90 
90 90 90 90 90 90 90 90 90 90 
90 90 90 90 90 90 90 90 90 90 
90 90 90 90 90 90 90 90 90 90 
90 90 90 90 90 90 90 90 90 90 
90 90 90 90 90 90 90 90 90 90 
90 90 90 90 90 90 90 90 90 90 
90 90 90 90 90 90 90 90 90 90 
90 90 90 90 90 90 90 90 90 90 
90 90 90 90 90 90 90 90 90 
a1 40 d1 04 08 8d 6c 24 18 ba
e5 8d 04 08 ff e2
48 2f 68 55

0a

90 90 90 90 90 90 90 90 90 
90 90 90 90 90 90 90 90 90 90 
90 90 90 90 90 90 90 90 90 90 
90 90 90 90 90 90 90 90 90 90 
90 90 90 90 90 90 90 90 90 90 
90 90 90 90 90 90 90 90 90 90 
90 90 90 90 90 90 90 90 90 90 
90 90 90 90 90 90 90 90 90 90 
90 90 90 90 90 90 90 90 90 90 
90 90 90 90 90 90 90 90 90 90 
90 90 90 90 90 90 90 90 90 90 
90 90 90 90 90 90 90 90 90 90 
90 90 90 90 90 90 90 90 90 90 
90 90 90 90 90 90 90 90 90 90 
90 90 90 90 90 90 90 90 90 90 
90 90 90 90 90 90 90 90 90 90 
90 90 90 90 90 90 90 90 90 90 
90 90 90 90 90 90 90 90 90 90 
90 90 90 90 90 90 90 90 90 90 
90 90 90 90 90 90 90 90 90 90 
90 90 90 90 90 90 90 90 90 90 
90 90 90 90 90 90 90 90 90 90 
90 90 90 90 90 90 90 90 90 90 
90 90 90 90 90 90 90 90 90 90 
90 90 90 90 90 90 90 90 90 90 
90 90 90 90 90 90 90 90 90 90 
90 90 90 90 90 90 90 90 90 90 
90 90 90 90 90 90 90 90 90 90 
90 90 90 90 90 90 90 90 90 90 
90 90 90 90 90 90 90 90 90 90 
90 90 90 90 90 90 90 90 90 90 
90 90 90 90 90 90 90 90 90 90 
90 90 90 90 90 90 90 90 90 90 
90 90 90 90 90 90 90 90 90 90 
90 90 90 90 90 90 90 90 90 90 
90 90 90 90 90 90 90 90 90 90 
90 90 90 90 90 90 90 90 90 90 
90 90 90 90 90 90 90 90 90 90 
90 90 90 90 90 90 90 90 90 90 
90 90 90 90 90 90 90 90 90 90 
90 90 90 90 90 90 90 90 90 90 
90 90 90 90 90 90 90 90 90 90 
90 90 90 90 90 90 90 90 90 90 
90 90 90 90 90 90 90 90 90 90 
90 90 90 90 90 90 90 90 90 90 
90 90 90 90 90 90 90 90 90 90 
90 90 90 90 90 90 90 90 90 90 
90 90 90 90 90 90 90 90 90 90 
90 90 90 90 90 90 90 90 90 90 
90 90 90 90 90 90 90 90 90 90 
90 90 90 90 90 90 90 90 90 
a1 40 d1 04 08 8d 6c 24 18 ba
e5 8d 04 08 ff e2
48 2f 68 55

0a

90 90 90 90 90 90 90 90 90 
90 90 90 90 90 90 90 90 90 90 
90 90 90 90 90 90 90 90 90 90 
90 90 90 90 90 90 90 90 90 90 
90 90 90 90 90 90 90 90 90 90 
90 90 90 90 90 90 90 90 90 90 
90 90 90 90 90 90 90 90 90 90 
90 90 90 90 90 90 90 90 90 90 
90 90 90 90 90 90 90 90 90 90 
90 90 90 90 90 90 90 90 90 90 
90 90 90 90 90 90 90 90 90 90 
90 90 90 90 90 90 90 90 90 90 
90 90 90 90 90 90 90 90 90 90 
90 90 90 90 90 90 90 90 90 90 
90 90 90 90 90 90 90 90 90 90 
90 90 90 90 90 90 90 90 90 90 
90 90 90 90 90 90 90 90 90 90 
90 90 90 90 90 90 90 90 90 90 
90 90 90 90 90 90 90 90 90 90 
90 90 90 90 90 90 90 90 90 90 
90 90 90 90 90 90 90 90 90 90 
90 90 90 90 90 90 90 90 90 90 
90 90 90 90 90 90 90 90 90 90 
90 90 90 90 90 90 90 90 90 90 
90 90 90 90 90 90 90 90 90 90 
90 90 90 90 90 90 90 90 90 90 
90 90 90 90 90 90 90 90 90 90 
90 90 90 90 90 90 90 90 90 90 
90 90 90 90 90 90 90 90 90 90 
90 90 90 90 90 90 90 90 90 90 
90 90 90 90 90 90 90 90 90 90 
90 90 90 90 90 90 90 90 90 90 
90 90 90 90 90 90 90 90 90 90 
90 90 90 90 90 90 90 90 90 90 
90 90 90 90 90 90 90 90 90 90 
90 90 90 90 90 90 90 90 90 90 
90 90 90 90 90 90 90 90 90 90 
90 90 90 90 90 90 90 90 90 90 
90 90 90 90 90 90 90 90 90 90 
90 90 90 90 90 90 90 90 90 90 
90 90 90 90 90 90 90 90 90 90 
90 90 90 90 90 90 90 90 90 90 
90 90 90 90 90 90 90 90 90 90 
90 90 90 90 90 90 90 90 90 90 
90 90 90 90 90 90 90 90 90 90 
90 90 90 90 90 90 90 90 90 90 
90 90 90 90 90 90 90 90 90 90 
90 90 90 90 90 90 90 90 90 90 
90 90 90 90 90 90 90 90 90 90 
90 90 90 90 90 90 90 90 90 90 
90 90 90 90 90 90 90 90 90 
a1 40 d1 04 08 8d 6c 24 18 ba
e5 8d 04 08 ff e2
48 2f 68 55