0 68
1 3e
2 63
3 4d
4 37
5 47
6 5f
7 78
8 41
9 3b
10 6a
11 45
12 31
13 3e
14 39
15 32
16 30
17 5a
18 36
19 34
20 38
21 33
22 67
23 35
24 63
25 59


5C 00 00 00  65 00 00 00  6E 00 00 00  77 00 00 00  80 00 00 00  86 00 00 00  
8C 00 00 00  92 00 00 00  98 00 00 00  9E 00 00 00  A4 00 00 00  AA 00 00 00  
B0 00 00 00  B6 00 00 00  BC 00 00 00  C2 00 00 00  C8 00 00 00  CE 00 00 00 
D4 00 00 00  DA 00 00 00  E0 00 00 00  E6 00 00 00  EC 00 00 00  F2 00 00 00 
F8 00 00 00  FE 00 00 00

32 30 32 34 33 30 32 36 31 34 

4 18 11 8 10 5 15 13 c 3 


5c 5c 5c da c2 c8 
5c 5c da 5c 5c 5c 
b0 5c 5c 5c e6 c2 
5c d4 5c c2 5c 5c 
c8 5c